At time 1729651973.847813270
- Translation: [0.000, 0.000, 0.000]
- Rotation: in Quaternion [0.000, 0.000, -0.049, 0.999]
- Rotation: in RPY (radian) [0.000, 0.000, -0.097]
- Rotation: in RPY (degree) [0.000, 0.000, -5.571]
- Matrix:
  0.995  0.097  0.000  0.000
 -0.097  0.995 -0.000  0.000
 -0.000  0.000  1.000  0.000
  0.000  0.000  0.000  1.000
At time 1729651974.839962743
- Translation: [0.000, 0.000, 0.000]
- Rotation: in Quaternion [0.000, 0.000, -0.863, 0.506]
- Rotation: in RPY (radian) [0.000, 0.000, -2.081]
- Rotation: in RPY (degree) [0.000, 0.000, -119.246]
- Matrix:
 -0.489  0.873  0.000  0.000
 -0.873 -0.489 -0.000  0.000
 -0.000  0.000  1.000  0.000
  0.000  0.000  0.000  1.000
At time 1729651975.847959492
- Translation: [-0.409, 0.459, 0.000]
- Rotation: in Quaternion [0.000, 0.000, 0.911, 0.412]
- Rotation: in RPY (radian) [0.000, -0.000, 2.293]
- Rotation: in RPY (degree) [0.000, -0.000, 131.385]
- Matrix:
 -0.661 -0.750  0.000 -0.409
  0.750 -0.661  0.000  0.459
  0.000  0.000  1.000  0.000
  0.000  0.000  0.000  1.000
At time 1729651976.840664839
- Translation: [1.966, 0.330, 0.000]
- Rotation: in Quaternion [0.000, 0.000, 0.172, 0.985]
- Rotation: in RPY (radian) [0.000, -0.000, 0.346]
- Rotation: in RPY (degree) [0.000, -0.000, 19.808]
- Matrix:
  0.941 -0.339  0.000  1.966
  0.339  0.941  0.000  0.330
  0.000  0.000  1.000  0.000
  0.000  0.000  0.000  1.000
At time 1729651977.848263931
- Translation: [2.955, 0.525, 0.000]
- Rotation: in Quaternion [0.000, 0.000, 0.101, 0.995]
- Rotation: in RPY (radian) [0.000, -0.000, 0.203]
- Rotation: in RPY (degree) [0.000, -0.000, 11.642]
- Matrix:
  0.979 -0.202  0.000  2.955
  0.202  0.979  0.000  0.525
  0.000  0.000  1.000  0.000
  0.000  0.000  0.000  1.000
At time 1729651978.840514982
- Translation: [2.886, 0.637, 0.000]
- Rotation: in Quaternion [0.000, 0.000, 0.276, 0.961]
- Rotation: in RPY (radian) [0.000, -0.000, 0.559]
- Rotation: in RPY (degree) [0.000, -0.000, 32.006]
- Matrix:
  0.848 -0.530  0.000  2.886
  0.530  0.848  0.000  0.637
  0.000  0.000  1.000  0.000
  0.000  0.000  0.000  1.000
At time 1729651979.847819082
- Translation: [2.335, 0.785, 0.000]
- Rotation: in Quaternion [0.000, 0.000, 0.614, 0.789]
- Rotation: in RPY (radian) [0.000, -0.000, 1.323]
- Rotation: in RPY (degree) [0.000, -0.000, 75.777]
- Matrix:
  0.246 -0.969  0.000  2.335
  0.969  0.246  0.000  0.785
  0.000  0.000  1.000  0.000
  0.000  0.000  0.000  1.000
At time 1729651980.854960714
- Translation: [1.530, 1.280, 0.000]
- Rotation: in Quaternion [0.000, 0.000, 0.720, 0.694]
- Rotation: in RPY (radian) [0.000, -0.000, 1.608]
- Rotation: in RPY (degree) [0.000, -0.000, 92.127]
- Matrix:
 -0.037 -0.999  0.000  1.530
  0.999 -0.037  0.000  1.280
  0.000  0.000  1.000  0.000
  0.000  0.000  0.000  1.000
At time 1729651981.847823660
- Translation: [1.417, 1.093, 0.000]
- Rotation: in Quaternion [0.000, 0.000, -0.143, 0.990]
- Rotation: in RPY (radian) [0.000, 0.000, -0.288]
- Rotation: in RPY (degree) [0.000, 0.000, -16.497]
- Matrix:
  0.959  0.284  0.000  1.417
 -0.284  0.959 -0.000  1.093
 -0.000  0.000  1.000  0.000
  0.000  0.000  0.000  1.000
At time 1729651982.855326311
- Translation: [0.955, -0.589, 0.000]
- Rotation: in Quaternion [0.000, 0.000, -0.699, 0.715]
- Rotation: in RPY (radian) [0.000, 0.000, -1.547]
- Rotation: in RPY (degree) [0.000, 0.000, -88.636]
- Matrix:
  0.024  1.000  0.000  0.955
 -1.000  0.024 -0.000 -0.589
 -0.000  0.000  1.000  0.000
  0.000  0.000  0.000  1.000
At time 1729651983.846694495
- Translation: [0.878, -1.376, 0.000]
- Rotation: in Quaternion [0.000, 0.000, -0.566, 0.825]
- Rotation: in RPY (radian) [0.000, 0.000, -1.202]
- Rotation: in RPY (degree) [0.000, 0.000, -68.887]
- Matrix:
  0.360  0.933  0.000  0.878
 -0.933  0.360 -0.000 -1.376
 -0.000  0.000  1.000  0.000
  0.000  0.000  0.000  1.000
At time 1729651984.855897870
- Translation: [0.944, -0.354, 0.000]
- Rotation: in Quaternion [0.000, 0.000, -0.108, 0.994]
- Rotation: in RPY (radian) [0.000, 0.000, -0.216]
- Rotation: in RPY (degree) [0.000, 0.000, -12.361]
- Matrix:
  0.977  0.214  0.000  0.944
 -0.214  0.977 -0.000 -0.354
 -0.000  0.000  1.000  0.000
  0.000  0.000  0.000  1.000
At time 1729651985.847876608
- Translation: [0.516, -0.087, 0.000]
- Rotation: in Quaternion [0.000, 0.000, 0.071, 0.997]
- Rotation: in RPY (radian) [0.000, -0.000, 0.142]
- Rotation: in RPY (degree) [0.000, -0.000, 8.140]
- Matrix:
  0.990 -0.142  0.000  0.516
  0.142  0.990  0.000 -0.087
  0.000  0.000  1.000  0.000
  0.000  0.000  0.000  1.000
At time 1729651986.839194715
- Translation: [0.262, -0.021, 0.000]
- Rotation: in Quaternion [0.000, 0.000, 0.154, 0.988]
- Rotation: in RPY (radian) [0.000, -0.000, 0.310]
- Rotation: in RPY (degree) [0.000, -0.000, 17.768]
- Matrix:
  0.952 -0.305  0.000  0.262
  0.305  0.952  0.000 -0.021
  0.000  0.000  1.000  0.000
  0.000  0.000  0.000  1.000
At time 1729651987.848051312
- Translation: [0.131, -0.005, 0.000]
- Rotation: in Quaternion [0.000, 0.000, 0.194, 0.981]
- Rotation: in RPY (radian) [0.000, -0.000, 0.390]
- Rotation: in RPY (degree) [0.000, -0.000, 22.338]
- Matrix:
  0.925 -0.380  0.000  0.131
  0.380  0.925  0.000 -0.005
  0.000  0.000  1.000  0.000
  0.000  0.000  0.000  1.000
At time 1729651988.855904722
- Translation: [0.065, -0.001, 0.000]
- Rotation: in Quaternion [0.000, 0.000, 0.213, 0.977]
- Rotation: in RPY (radian) [0.000, -0.000, 0.429]
- Rotation: in RPY (degree) [0.000, -0.000, 24.595]
- Matrix:
  0.909 -0.416  0.000  0.065
  0.416  0.909  0.000 -0.001
  0.000  0.000  1.000  0.000
  0.000  0.000  0.000  1.000
At time 1729651989.847660931
- Translation: [0.033, -0.000, 0.000]
- Rotation: in Quaternion [0.000, 0.000, 0.222, 0.975]
- Rotation: in RPY (radian) [0.000, -0.000, 0.448]
- Rotation: in RPY (degree) [0.000, -0.000, 25.688]
- Matrix:
  0.901 -0.433  0.000  0.033
  0.433  0.901  0.000 -0.000
  0.000  0.000  1.000  0.000
  0.000  0.000  0.000  1.000
At time 1729651990.854848340
- Translation: [0.016, -0.000, 0.000]
- Rotation: in Quaternion [0.000, 0.000, 0.227, 0.974]
- Rotation: in RPY (radian) [0.000, -0.000, 0.458]
- Rotation: in RPY (degree) [0.000, -0.000, 26.232]
- Matrix:
  0.897 -0.442  0.000  0.016
  0.442  0.897  0.000 -0.000
  0.000  0.000  1.000  0.000
  0.000  0.000  0.000  1.000
At time 1729651991.847488844
- Translation: [0.008, -0.000, 0.000]
- Rotation: in Quaternion [0.000, 0.000, 0.229, 0.973]
- Rotation: in RPY (radian) [0.000, -0.000, 0.462]
- Rotation: in RPY (degree) [0.000, -0.000, 26.491]
- Matrix:
  0.895 -0.446  0.000  0.008
  0.446  0.895  0.000 -0.000
  0.000  0.000  1.000  0.000
  0.000  0.000  0.000  1.000
At time 1729651992.856078170
- Translation: [0.004, -0.000, 0.000]
- Rotation: in Quaternion [0.000, 0.000, 0.230, 0.973]
- Rotation: in RPY (radian) [0.000, -0.000, 0.465]
- Rotation: in RPY (degree) [0.000, -0.000, 26.621]
- Matrix:
  0.894 -0.448  0.000  0.004
  0.448  0.894  0.000 -0.000
  0.000  0.000  1.000  0.000
  0.000  0.000  0.000  1.000
At time 1729651993.848390126
- Translation: [0.002, -0.000, 0.000]
- Rotation: in Quaternion [0.000, 0.000, 0.231, 0.973]
- Rotation: in RPY (radian) [0.000, -0.000, 0.466]
- Rotation: in RPY (degree) [0.000, -0.000, 26.682]
- Matrix:
  0.894 -0.449  0.000  0.002
  0.449  0.894  0.000 -0.000
  0.000  0.000  1.000  0.000
  0.000  0.000  0.000  1.000
At time 1729651994.855896713
- Translation: [0.001, -0.000, 0.000]
- Rotation: in Quaternion [0.000, 0.000, 0.231, 0.973]
- Rotation: in RPY (radian) [0.000, -0.000, 0.466]
- Rotation: in RPY (degree) [0.000, -0.000, 26.710]
- Matrix:
  0.893 -0.449  0.000  0.001
  0.449  0.893  0.000 -0.000
  0.000  0.000  1.000  0.000
  0.000  0.000  0.000  1.000
